image_id,healthy,multiple_diseases,rust,scab
Test_0,0.0,0.0,0.9999,0.0
Test_1,0.0,0.0,1.0,0.0
Test_2,0.0009,0.3358,0.0,0.6633
Test_3,0.2445,0.6601,0.0015,0.094
Test_4,0.0,0.0,1.0,0.0
Test_5,0.0703,0.9104,0.0002,0.0191
Test_6,0.5508,0.4375,0.0068,0.0049
Test_7,0.0002,0.7422,0.0,0.2576
Test_8,0.003,0.1906,0.0,0.8064
Test_9,0.0,0.0,1.0,0.0
Test_10,0.0,0.0004,0.9996,0.0
Test_11,0.0476,0.8521,0.0014,0.0989
Test_12,0.0041,0.8937,0.0005,0.1017
Test_13,0.9094,0.0841,1e-04,0.0064
Test_14,0.0,0.0,1.0,0.0
Test_15,0.0,0.0,1.0,0.0
Test_16,0.9601,0.0382,0.0006,0.0011
Test_17,0.0,0.0142,0.0,0.9858
Test_18,0.061,0.4483,0.0,0.4907
Test_19,0.0,0.0,1.0,0.0
Test_20,0.0022,0.75,0.0004,0.2475
Test_21,0.5922,0.3519,0.0024,0.0535
Test_22,0.0,0.0,1.0,0.0
Test_23,0.0,0.1671,0.0,0.8328
Test_24,0.0298,0.8368,0.0021,0.1314
Test_25,0.0,0.1621,0.0,0.8379
Test_26,0.0015,0.9427,0.0007,0.0551
Test_27,0.0002,0.0487,0.9453,0.0058
Test_28,0.8456,0.1482,0.0016,0.0045
Test_29,0.0008,0.9012,0.0687,0.0292
Test_30,0.0021,0.9654,0.0003,0.0322
Test_31,0.0,0.0,1.0,0.0
Test_32,0.0085,0.9373,0.0041,0.0501
Test_33,0.001,0.7104,0.0005,0.288
Test_34,0.2511,0.3718,0.0035,0.3737
Test_35,0.0023,0.772,0.0009,0.2248
Test_36,0.0,0.0,1.0,0.0
Test_37,0.0727,0.6743,0.0003,0.2528
Test_38,0.0027,0.8609,0.0015,0.1349
Test_39,0.0,0.0,1.0,0.0
Test_40,0.0,0.0,1.0,0.0
Test_41,0.0,0.0,1.0,0.0
Test_42,0.0004,0.554,0.0,0.4456
Test_43,0.0,0.0456,0.9536,0.0008
Test_44,0.0005,0.7766,0.0057,0.2173
Test_45,0.0002,0.099,0.0,0.9008
Test_46,0.0231,0.4418,0.0006,0.5345
Test_47,0.0,0.0,1.0,0.0
Test_48,0.0,0.0,1.0,0.0
Test_49,1e-04,0.0002,0.9998,0.0
Test_50,0.0,0.0,0.9999,0.0
Test_51,0.0,0.0,1.0,0.0
Test_52,0.0,0.0,1.0,0.0
Test_53,0.0,0.0,1.0,0.0
Test_54,0.0021,0.9785,0.0015,0.018
Test_55,0.0077,0.3504,0.0,0.6419
Test_56,1e-04,0.1117,0.0,0.8882
Test_57,0.0287,0.2993,0.0014,0.6706
Test_58,1e-04,0.9128,1e-04,0.0871
Test_59,0.003,0.9418,0.0149,0.0403
Test_60,1e-04,0.2687,0.0,0.7313
Test_61,0.0614,0.8738,0.0003,0.0645
Test_62,0.0039,0.5383,0.0006,0.4572
Test_63,0.0021,0.6877,1e-04,0.3101
Test_64,0.0109,0.8754,0.0008,0.1129
Test_65,0.0,0.0,1.0,0.0
Test_66,0.0047,0.9194,0.0027,0.0733
Test_67,0.0,0.0,1.0,0.0
Test_68,0.0003,0.7208,0.0003,0.2787
Test_69,0.0,1e-04,0.9999,0.0
Test_70,0.0037,0.8089,0.0003,0.187
Test_71,0.0094,0.0914,0.8778,0.0214
Test_72,0.0,0.0255,0.0,0.9745
Test_73,0.8447,0.1537,0.001,0.0006
Test_74,0.4168,0.5794,0.0008,0.003
Test_75,0.0002,0.4596,0.0,0.5402
Test_76,0.9089,0.0683,0.0006,0.0223
Test_77,0.0743,0.195,0.4673,0.2634
Test_78,1e-04,0.1501,0.0,0.8499
Test_79,0.0023,0.7823,0.0002,0.2152
Test_80,0.0,0.0008,0.9992,1e-04
Test_81,0.0,0.0004,0.9996,0.0
Test_82,0.0,0.1131,0.0034,0.8835
Test_83,0.0,0.0,1.0,0.0
Test_84,0.0392,0.114,0.0021,0.8446
Test_85,0.0752,0.8576,0.0368,0.0304
Test_86,0.0,1e-04,0.9999,0.0
Test_87,0.0038,0.9423,0.0009,0.053
Test_88,0.0,0.0865,0.0,0.9134
Test_89,0.0008,0.8121,0.0005,0.1867
Test_90,0.0,0.0,1.0,0.0
Test_91,0.9965,0.0033,0.0,0.0002
Test_92,0.0569,0.7803,0.0038,0.1591
Test_93,0.0,0.0,1.0,0.0
Test_94,0.0,0.0749,0.0,0.9251
Test_95,0.344,0.6483,0.0016,0.0061
Test_96,0.0013,0.6987,0.0002,0.2998
Test_97,0.8407,0.1541,0.001,0.0042
Test_98,0.0,0.4998,0.0,0.5002
Test_99,1e-04,0.1401,0.0,0.8598
Test_100,1e-04,0.0559,0.0,0.944
Test_101,0.0492,0.5999,0.0084,0.3426
Test_102,0.0047,0.2412,0.003,0.7511
Test_103,0.0053,0.6668,0.0052,0.3227
Test_104,1e-04,0.092,0.0,0.9079
Test_105,0.0044,0.8977,0.0043,0.0935
Test_106,0.985,0.0146,0.0003,0.0002
Test_107,0.0,0.0,1.0,0.0
Test_108,0.0106,0.6409,0.0087,0.3399
Test_109,0.0002,0.8325,1e-04,0.1672
Test_110,0.4286,0.3988,0.0003,0.1723
Test_111,0.0209,0.2684,0.0014,0.7093
Test_112,0.0,0.0,1.0,0.0
Test_113,0.0009,0.888,0.0005,0.1107
Test_114,0.0,0.1549,0.0,0.845
Test_115,0.0135,0.5508,0.4108,0.0249
Test_116,0.0,0.0006,0.9993,1e-04
Test_117,0.0,0.0,1.0,0.0
Test_118,0.0,0.0,1.0,0.0
Test_119,0.0038,0.4495,1e-04,0.5467
Test_120,0.0,0.0,1.0,0.0
Test_121,0.0069,0.7159,0.0346,0.2425
Test_122,0.0,0.0,1.0,0.0
Test_123,0.0,0.0,1.0,0.0
Test_124,0.0004,0.4472,0.0,0.5523
Test_125,0.0078,0.5954,0.0009,0.3959
Test_126,0.9325,0.0658,0.0002,0.0015
Test_127,0.004,0.5384,0.0006,0.457
Test_128,0.0,0.0279,0.0,0.9721
Test_129,1e-04,0.0074,0.9891,0.0034
Test_130,0.0,0.0632,0.0,0.9368
Test_131,0.0047,0.7006,0.0033,0.2913
Test_132,0.7986,0.1085,0.0003,0.0926
Test_133,0.0078,0.3277,1e-04,0.6644
Test_134,0.7646,0.2115,0.0003,0.0236
Test_135,0.0,0.0,1.0,0.0
Test_136,1e-04,0.4593,0.0,0.5406
Test_137,0.0,0.0,1.0,0.0
Test_138,0.0,0.0,1.0,0.0
Test_139,0.7277,0.2653,0.0,0.0069
Test_140,0.0078,0.8554,0.0054,0.1314
Test_141,1e-04,0.033,0.0,0.9669
Test_142,0.0002,0.2501,0.0,0.7497
Test_143,0.0075,0.924,0.0021,0.0664
Test_144,0.9889,0.0103,1e-04,0.0007
Test_145,0.0086,0.3322,0.0014,0.6579
Test_146,0.0,0.0,1.0,0.0
Test_147,0.0,0.0,1.0,0.0
Test_148,0.0032,0.8666,0.0015,0.1287
Test_149,0.0015,0.137,0.8234,0.0381
Test_150,0.0051,0.8211,0.0014,0.1724
Test_151,0.0,0.0,1.0,0.0
Test_152,0.0,0.0,1.0,0.0
Test_153,1e-04,0.2625,0.0,0.7374
Test_154,0.0,0.0,1.0,0.0
Test_155,0.0,1e-04,0.9998,0.0
Test_156,0.0031,0.3755,0.0,0.6214
Test_157,0.0098,0.6439,0.0007,0.3456
Test_158,0.0257,0.9329,0.0006,0.0408
Test_159,0.0,1e-04,0.9999,0.0
Test_160,0.002,0.8781,0.0113,0.1086
Test_161,0.0011,0.6002,0.0,0.3987
Test_162,1e-04,0.0023,0.9971,0.0004
Test_163,1e-04,0.0064,0.9934,1e-04
Test_164,0.0012,0.5398,1e-04,0.4589
Test_165,1e-04,0.3211,0.0,0.6788
Test_166,0.0,0.0,1.0,0.0
Test_167,0.0,0.0,1.0,0.0
Test_168,0.0003,0.3398,0.6433,0.0166
Test_169,0.0027,0.1458,0.8431,0.0084
Test_170,0.001,0.42,0.0002,0.5789
Test_171,0.0035,0.0005,0.9959,0.0
Test_172,0.0003,0.0326,0.9623,0.0049
Test_173,0.0,0.0,1.0,0.0
Test_174,0.01,0.7592,0.0005,0.2302
Test_175,0.3296,0.6617,0.0009,0.0077
Test_176,0.0,0.0031,0.9969,0.0
Test_177,0.0057,0.2822,0.001,0.711
Test_178,0.0005,0.1508,0.0,0.8486
Test_179,0.0002,0.8499,0.0002,0.1497
Test_180,0.0,0.0,1.0,0.0
Test_181,0.0016,0.617,0.0002,0.3812
Test_182,0.001,0.1348,0.8252,0.039
Test_183,0.7763,0.1846,0.0024,0.0367
Test_184,0.0091,0.7198,0.0211,0.25
Test_185,0.0006,0.7486,0.0,0.2508
Test_186,0.0045,0.9572,0.0046,0.0338
Test_187,0.0,0.0,1.0,0.0
Test_188,0.0,0.0,1.0,0.0
Test_189,0.346,0.6194,0.0036,0.031
Test_190,0.0041,0.4097,0.5739,0.0123
Test_191,0.0545,0.3088,0.5613,0.0754
Test_192,0.0275,0.7171,0.0088,0.2466
Test_193,0.0,0.0,1.0,0.0
Test_194,0.0,0.0,1.0,0.0
Test_195,0.2918,0.6713,0.0003,0.0365
Test_196,0.0003,0.343,1e-04,0.6566
Test_197,0.0028,0.907,0.0069,0.0832
Test_198,0.0066,0.989,0.0005,0.0039
Test_199,0.0006,0.0185,0.9791,0.0018
Test_200,0.0029,0.3171,0.6212,0.0588
Test_201,0.0114,0.3641,0.0006,0.6239
Test_202,0.0105,0.4586,0.4649,0.066
Test_203,0.0,1e-04,0.9999,0.0
Test_204,1e-04,0.1864,0.0,0.8135
Test_205,0.0085,0.4308,0.0012,0.5595
Test_206,1e-04,0.0366,0.0,0.9633
Test_207,0.0024,0.1327,0.0,0.8649
Test_208,0.0098,0.9018,0.0,0.0883
Test_209,0.0,0.0,1.0,0.0
Test_210,1e-04,0.0471,0.0,0.9528
Test_211,0.0515,0.5152,0.4073,0.026
Test_212,0.0,0.0,1.0,0.0
Test_213,0.0,0.0172,0.9824,0.0003
Test_214,0.0,0.0,1.0,0.0
Test_215,0.0007,0.7544,0.0,0.2449
Test_216,0.0799,0.2614,1e-04,0.6586
Test_217,0.0003,0.4461,0.0,0.5536
Test_218,0.9714,0.025,1e-04,0.0036
Test_219,0.0019,0.0473,0.9469,0.0039
Test_220,0.0,0.213,0.0,0.787
Test_221,0.0646,0.9137,0.001,0.0206
Test_222,0.0,0.0024,0.9975,1e-04
Test_223,0.0,0.0,1.0,0.0
Test_224,0.0057,0.8349,0.0013,0.1581
Test_225,0.1964,0.7458,0.0004,0.0574
Test_226,0.0,0.0,1.0,0.0
Test_227,0.0002,0.0566,0.0,0.9432
Test_228,0.0093,0.021,0.9672,0.0025
Test_229,0.0,0.0,1.0,0.0
Test_230,0.0036,0.4517,0.0,0.5446
Test_231,0.0016,0.2386,0.0002,0.7596
Test_232,0.1327,0.8321,0.0025,0.0327
Test_233,0.9961,0.0034,0.0,0.0004
Test_234,0.1589,0.663,0.1463,0.0318
Test_235,0.0,0.1426,0.0,0.8574
Test_236,0.0,0.0002,0.9998,0.0
Test_237,1e-04,0.4363,1e-04,0.5634
Test_238,0.0,0.0,1.0,0.0
Test_239,0.0,0.0,1.0,0.0
Test_240,0.0,0.0,1.0,0.0
Test_241,0.0,0.0,1.0,0.0
Test_242,0.0006,0.942,0.0004,0.057
Test_243,0.0955,0.7043,0.0071,0.1931
Test_244,0.0018,0.8345,0.0002,0.1635
Test_245,1e-04,0.025,0.9665,0.0084
Test_246,1e-04,0.0485,0.0,0.9514
Test_247,0.0002,0.0793,0.0,0.9205
Test_248,0.006,0.2997,1e-04,0.6942
Test_249,0.0015,0.3667,0.623,0.0088
Test_250,0.9602,0.0395,1e-04,0.0002
Test_251,0.6867,0.3083,0.0006,0.0044
Test_252,0.0039,0.8956,0.0525,0.0481
Test_253,0.0,0.0676,0.0,0.9324
Test_254,0.0034,0.5802,0.0003,0.4161
Test_255,0.0718,0.7429,0.0172,0.1681
Test_256,0.0006,0.7665,1e-04,0.2329
Test_257,0.0,0.0,1.0,0.0
Test_258,0.7227,0.2234,0.0212,0.0327
Test_259,0.0217,0.772,0.0042,0.2021
Test_260,0.0712,0.9139,0.0047,0.0102
Test_261,0.0,0.0,1.0,0.0
Test_262,0.0023,0.4531,1e-04,0.5445
Test_263,0.0493,0.9059,0.0025,0.0422
Test_264,0.746,0.2309,0.0013,0.0218
Test_265,0.0,0.0,1.0,0.0
Test_266,1e-04,0.1071,0.0,0.8928
Test_267,0.9603,0.0387,1e-04,0.0009
Test_268,0.0,0.0,1.0,0.0
Test_269,0.8379,0.1096,0.0028,0.0497
Test_270,0.0069,0.8601,0.0007,0.1324
Test_271,0.0076,0.871,0.0163,0.105
Test_272,0.0,0.0,1.0,0.0
Test_273,0.9729,0.0219,0.0009,0.0043
Test_274,0.0004,0.0022,0.997,0.0005
Test_275,0.0,0.0,1.0,0.0
Test_276,0.0004,0.1231,0.0,0.8764
Test_277,0.0067,0.7908,0.0008,0.2017
Test_278,0.0019,0.9706,0.0004,0.0272
Test_279,0.0,0.0,1.0,0.0
Test_280,0.0,0.1964,0.0,0.8036
Test_281,0.0,0.0794,0.0,0.9206
Test_282,0.0002,0.457,0.0,0.5428
Test_283,0.0,0.0,1.0,0.0
Test_284,0.0,0.0,1.0,0.0
Test_285,0.0,0.022,0.0,0.9779
Test_286,0.0,0.0095,0.0,0.9904
Test_287,0.0236,0.8385,0.0046,0.1333
Test_288,1e-04,0.1077,0.0,0.8922
Test_289,0.0,0.2218,0.0,0.7782
Test_290,0.0,0.0,1.0,0.0
Test_291,0.0,0.0,1.0,0.0
Test_292,0.0201,0.854,0.0002,0.1257
Test_293,0.0,0.0,1.0,0.0
Test_294,0.0,0.0014,0.9986,0.0
Test_295,0.0,0.0,1.0,0.0
Test_296,0.0012,0.8605,0.0002,0.1381
Test_297,0.0,0.0942,0.0,0.9058
Test_298,0.0,0.0,1.0,0.0
Test_299,0.0005,0.5798,0.4058,0.0139
Test_300,0.0148,0.8769,0.0025,0.1057
Test_301,0.8804,0.0809,0.0002,0.0385
Test_302,0.0002,0.2691,0.0,0.7307
Test_303,0.3518,0.6026,0.0006,0.045
Test_304,0.1674,0.6564,0.0081,0.1681
Test_305,0.0007,0.2273,0.0,0.772
Test_306,0.0002,0.2138,0.0,0.786
Test_307,0.7869,0.1497,0.0014,0.062
Test_308,0.0022,0.6253,0.0017,0.3708
Test_309,0.0,0.0,1.0,0.0
Test_310,0.0,0.0,1.0,0.0
Test_311,0.0,0.0,1.0,0.0
Test_312,0.0257,0.3443,0.0016,0.6284
Test_313,0.0018,0.6445,0.0003,0.3534
Test_314,0.0002,0.1543,0.0,0.8455
Test_315,0.0319,0.8084,0.0296,0.1302
Test_316,0.0,0.0,0.9999,0.0
Test_317,0.0594,0.6879,0.0645,0.1882
Test_318,0.0054,0.7339,0.0387,0.222
Test_319,0.0,0.0,1.0,0.0
Test_320,0.0,0.0,1.0,0.0
Test_321,0.837,0.1141,0.0011,0.0478
Test_322,0.0068,0.8946,0.0014,0.0973
Test_323,0.0002,0.8903,0.0026,0.1069
Test_324,0.0,0.0,1.0,0.0
Test_325,1e-04,0.0826,0.0,0.9174
Test_326,0.0009,0.0102,0.9885,0.0005
Test_327,0.0219,0.4648,0.0009,0.5124
Test_328,0.0,0.0,1.0,0.0
Test_329,1e-04,0.0247,0.9746,0.0005
Test_330,0.0,0.0,1.0,0.0
Test_331,1e-04,0.9487,0.0,0.0512
Test_332,0.7228,0.2645,1e-04,0.0126
Test_333,0.0035,0.5989,0.037,0.3606
Test_334,0.0035,0.8033,0.0069,0.1863
Test_335,0.9857,0.0093,1e-04,0.0049
Test_336,0.0619,0.5238,0.0322,0.3821
Test_337,0.9954,0.0046,0.0,0.0
Test_338,0.8959,0.098,0.0003,0.0058
Test_339,0.0,1e-04,0.9999,0.0
Test_340,0.0284,0.9017,0.0009,0.0691
Test_341,0.4514,0.5339,0.0007,0.0139
Test_342,0.7744,0.1985,0.0002,0.0269
Test_343,0.0045,0.8434,0.0047,0.1475
Test_344,0.0,0.0,1.0,0.0
Test_345,1e-04,0.9275,0.0431,0.0293
Test_346,0.0,0.0,1.0,0.0
Test_347,0.0,0.0,1.0,0.0
Test_348,0.0,0.1328,0.0,0.8672
Test_349,0.0006,0.3128,0.6807,0.0059
Test_350,1e-04,0.0468,0.0,0.9531
Test_351,0.0,0.0,1.0,0.0
Test_352,0.0332,0.7183,0.0015,0.2469
Test_353,0.0322,0.8733,0.007,0.0876
Test_354,0.0,0.0,1.0,0.0
Test_355,0.0099,0.8828,0.052,0.0554
Test_356,0.982,0.0177,1e-04,0.0002
Test_357,0.9124,0.0695,0.0002,0.0178
Test_358,0.0074,0.8718,0.078,0.0428
Test_359,0.0031,0.1937,0.0002,0.803
Test_360,0.0007,0.7367,1e-04,0.2625
Test_361,0.8691,0.1031,0.0007,0.0271
Test_362,0.409,0.5859,0.0008,0.0043
Test_363,0.0,0.0,1.0,0.0
Test_364,0.0,0.0,1.0,0.0
Test_365,0.0,0.0004,0.9996,0.0
Test_366,0.0,1e-04,0.9999,0.0
Test_367,0.0,0.0594,0.0,0.9406
Test_368,0.0329,0.901,0.0013,0.0648
Test_369,0.0,0.7405,0.0,0.2595
Test_370,0.0,0.0,1.0,0.0
Test_371,0.0,0.0,1.0,0.0
Test_372,1e-04,0.0389,0.0,0.9611
Test_373,0.0,1e-04,0.9999,0.0
Test_374,0.0,1e-04,0.9999,0.0
Test_375,0.0163,0.5812,0.0024,0.4001
Test_376,0.8245,0.1734,1e-04,0.002
Test_377,0.9408,0.0548,0.0009,0.0035
Test_378,0.0,0.0,1.0,0.0
Test_379,0.0043,0.9379,0.0015,0.0563
Test_380,1e-04,0.1733,0.0,0.8266
Test_381,0.001,0.891,1e-04,0.1079
Test_382,0.0002,0.2682,0.0,0.7316
Test_383,0.0134,0.9148,0.0008,0.0711
Test_384,0.0,0.0,1.0,0.0
Test_385,0.0012,0.0742,1e-04,0.9245
Test_386,0.0,0.0003,0.9997,0.0
Test_387,0.0003,0.0254,0.0,0.9744
Test_388,0.0249,0.9328,0.0013,0.0411
Test_389,0.0007,0.9098,0.0003,0.0891
Test_390,0.0176,0.8896,0.0006,0.0921
Test_391,0.0,0.0,1.0,0.0
Test_392,0.0002,0.0027,0.9969,0.0003
Test_393,0.0034,0.5849,0.0025,0.4091
Test_394,0.0839,0.6954,0.0002,0.2204
Test_395,0.0,0.0,1.0,0.0
Test_396,0.0012,0.327,1e-04,0.6717
Test_397,0.0032,0.8393,0.0127,0.1448
Test_398,0.0,0.0,1.0,0.0
Test_399,0.0012,0.7224,0.0004,0.276
Test_400,0.0,0.0,1.0,0.0
Test_401,0.0,0.0084,0.991,0.0006
Test_402,0.0,0.2115,0.0,0.7885
Test_403,0.001,0.0165,0.9795,0.0031
Test_404,0.3384,0.5614,0.0015,0.0987
Test_405,0.0011,0.5221,1e-04,0.4767
Test_406,0.0,0.3533,0.0,0.6467
Test_407,0.0021,0.7735,1e-04,0.2244
Test_408,1e-04,0.0884,0.0,0.9115
Test_409,0.0386,0.9244,0.001,0.036
Test_410,0.0018,0.9606,0.0026,0.0351
Test_411,0.754,0.1567,1e-04,0.0892
Test_412,0.0002,0.0502,0.9463,0.0033
Test_413,0.129,0.8507,0.0005,0.0198
Test_414,0.0,0.0,1.0,0.0
Test_415,0.0,0.0,1.0,0.0
Test_416,0.0006,0.9614,1e-04,0.038
Test_417,0.0,0.0,1.0,0.0
Test_418,0.0144,0.7393,0.0003,0.2461
Test_419,0.0103,0.9864,0.0002,0.0031
Test_420,0.0,0.0002,0.9998,0.0
Test_421,0.0022,0.6152,0.0002,0.3824
Test_422,0.0019,0.9803,1e-04,0.0177
Test_423,0.0,0.0,1.0,0.0
Test_424,0.0,0.0,1.0,0.0
Test_425,0.0108,0.9219,0.0022,0.065
Test_426,0.0003,0.0006,0.9989,0.0002
Test_427,0.0,0.0334,0.0,0.9666
Test_428,0.0097,0.9427,0.0007,0.0468
Test_429,0.0,0.0,1.0,0.0
Test_430,0.1851,0.6572,0.141,0.0166
Test_431,0.0616,0.7683,0.0003,0.1697
Test_432,0.0005,0.4624,0.0,0.5371
Test_433,0.0012,0.7855,0.0,0.2134
Test_434,0.0117,0.946,0.0,0.0423
Test_435,0.3911,0.5357,0.0046,0.0686
Test_436,1e-04,0.3213,0.0,0.6786
Test_437,0.0025,0.4934,0.4991,0.005
Test_438,0.0,0.0,1.0,0.0
Test_439,0.0007,0.8966,0.0004,0.1023
Test_440,0.0,0.0,1.0,0.0
Test_441,0.1364,0.6283,0.0038,0.2315
Test_442,0.0,0.0,1.0,0.0
Test_443,0.0,0.1518,0.0,0.8481
Test_444,0.5473,0.4394,0.005,0.0083
Test_445,0.0,1e-04,0.9999,0.0
Test_446,0.0005,0.7225,0.267,0.0101
Test_447,0.0,0.0,1.0,0.0
Test_448,0.0,0.0,1.0,0.0
Test_449,0.0,0.0104,0.0,0.9896
Test_450,0.0002,0.0004,0.9993,0.0
Test_451,0.0,0.0,1.0,0.0
Test_452,1e-04,0.5321,0.0008,0.467
Test_453,0.0002,0.5782,0.0,0.4216
Test_454,0.0,0.0,1.0,0.0
Test_455,1e-04,0.1249,0.0,0.875
Test_456,0.0,1e-04,0.9999,0.0
Test_457,0.0062,0.7348,0.0004,0.2586
Test_458,0.0083,0.7804,0.0075,0.2038
Test_459,0.0,0.0,1.0,0.0
Test_460,0.0023,0.9075,0.0011,0.0892
Test_461,0.0014,0.2324,0.0,0.7662
Test_462,1e-04,0.005,0.9948,1e-04
Test_463,0.0202,0.8406,0.0185,0.1206
Test_464,0.5588,0.3953,0.0081,0.0379
Test_465,0.0,0.0,1.0,0.0
Test_466,0.0,0.0007,0.9992,0.0
Test_467,0.0,0.171,0.0,0.829
Test_468,0.0026,0.92,1e-04,0.0773
Test_469,0.0,0.0,1.0,0.0
Test_470,0.0004,0.9404,0.0303,0.0288
Test_471,0.0052,0.0462,0.9431,0.0055
Test_472,0.9696,0.0281,1e-04,0.0022
Test_473,0.0051,0.2952,0.0518,0.6479
Test_474,0.0,0.0,1.0,0.0
Test_475,0.0,0.1116,0.0,0.8884
Test_476,0.0046,0.4854,0.0007,0.5093
Test_477,0.048,0.4046,0.0005,0.5469
Test_478,0.0126,0.7773,0.0005,0.2097
Test_479,0.2525,0.7205,0.0003,0.0267
Test_480,0.0,0.0,1.0,0.0
Test_481,0.0025,0.3636,0.0005,0.6334
Test_482,0.0087,0.3648,1e-04,0.6264
Test_483,0.0003,0.0016,0.998,0.0002
Test_484,0.214,0.6465,0.0021,0.1374
Test_485,0.0129,0.3084,0.001,0.6776
Test_486,0.0,0.0612,0.0,0.9388
Test_487,0.0551,0.6175,0.0015,0.3259
Test_488,0.0,0.0,1.0,0.0
Test_489,0.0,0.0,1.0,0.0
Test_490,0.0,0.0013,0.9986,0.0
Test_491,0.1447,0.0792,0.6869,0.0892
Test_492,0.0854,0.7796,0.0054,0.1295
Test_493,0.0007,0.1674,0.0,0.832
Test_494,0.0,0.0,1.0,0.0
Test_495,0.0,0.0285,0.0,0.9715
Test_496,0.9855,0.0143,0.0002,0.0
Test_497,0.0027,0.7646,0.0007,0.232
Test_498,0.6801,0.313,0.0007,0.0062
Test_499,0.0,1e-04,0.9999,0.0
Test_500,0.0,0.3414,0.6566,0.002
Test_501,0.943,0.0474,0.0034,0.0062
Test_502,0.3415,0.645,0.0002,0.0133
Test_503,0.0013,0.3166,0.6655,0.0166
Test_504,0.0038,0.8298,0.0004,0.166
Test_505,0.0016,0.878,0.0006,0.1198
Test_506,0.0006,0.0926,0.9039,0.0029
Test_507,0.0158,0.6949,0.0381,0.2512
Test_508,0.0,0.0,1.0,0.0
Test_509,0.0,0.0,1.0,0.0
Test_510,0.0,0.0,1.0,0.0
Test_511,0.0,0.0075,0.0,0.9925
Test_512,0.5049,0.4546,0.0044,0.036
Test_513,0.0061,0.3193,1e-04,0.6744
Test_514,0.9964,0.0035,0.0,1e-04
Test_515,0.0,0.0,1.0,0.0
Test_516,0.0,0.0,1.0,0.0
Test_517,0.0,0.8008,0.0,0.1992
Test_518,0.0014,0.6959,0.0341,0.2686
Test_519,0.0,0.0435,0.0,0.9565
Test_520,0.0,1e-04,0.9999,0.0
Test_521,0.6014,0.397,1e-04,0.0014
Test_522,0.0,0.0,1.0,0.0
Test_523,0.0,0.0003,0.9997,0.0
Test_524,0.0,0.0,1.0,0.0
Test_525,0.5351,0.3603,0.0047,0.0998
Test_526,0.0,0.0006,0.9994,0.0
Test_527,1e-04,0.6875,0.2834,0.029
Test_528,0.0014,0.208,0.7718,0.0188
Test_529,0.6649,0.1987,0.0016,0.1348
Test_530,0.067,0.809,0.0027,0.1214
Test_531,0.0,0.0002,0.9998,0.0
Test_532,0.005,0.6322,0.0032,0.3596
Test_533,0.0022,0.8688,0.0015,0.1275
Test_534,0.0003,0.4828,0.0,0.5169
Test_535,0.0,0.0,1.0,0.0
Test_536,0.0011,0.8189,1e-04,0.1798
Test_537,0.0004,0.1614,0.834,0.0042
Test_538,0.0,0.4404,0.0,0.5596
Test_539,0.0,0.0,1.0,0.0
Test_540,0.0,0.0,1.0,0.0
Test_541,0.0219,0.9347,0.0013,0.0421
Test_542,0.1217,0.8448,0.0004,0.0331
Test_543,0.0015,0.2744,0.7012,0.0229
Test_544,0.0014,0.04,0.9578,0.0008
Test_545,0.002,0.4976,0.4799,0.0205
Test_546,0.0016,0.2261,0.0,0.7722
Test_547,0.0,0.0,1.0,0.0
Test_548,0.0,0.0,1.0,0.0
Test_549,0.003,0.3547,0.0006,0.6417
Test_550,0.0046,0.1167,1e-04,0.8786
Test_551,0.0498,0.6185,0.0003,0.3314
Test_552,0.0,0.0006,0.9994,0.0
Test_553,0.0043,0.2617,0.0006,0.7334
Test_554,0.0004,0.9061,0.0,0.0934
Test_555,0.0002,0.0355,0.0,0.9644
Test_556,0.9152,0.0813,0.0005,0.003
Test_557,0.0,1e-04,0.9999,0.0
Test_558,0.0,0.0,1.0,0.0
Test_559,0.5617,0.4073,0.0004,0.0307
Test_560,0.0,0.0004,0.9994,0.0002
Test_561,0.0,0.0,1.0,0.0
Test_562,0.0567,0.8838,0.0346,0.0249
Test_563,0.0005,0.0701,0.928,0.0014
Test_564,0.0,0.0,1.0,0.0
Test_565,0.0,0.0,1.0,0.0
Test_566,0.0,0.0,1.0,0.0
Test_567,1e-04,0.0794,0.0,0.9205
Test_568,0.0286,0.7261,0.1921,0.0533
Test_569,0.0183,0.2394,0.0004,0.7419
Test_570,0.0069,0.6781,0.0002,0.3148
Test_571,1e-04,0.0003,0.9996,0.0
Test_572,0.1337,0.4981,0.0005,0.3677
Test_573,0.0013,0.436,0.0,0.5627
Test_574,0.5811,0.4047,0.0002,0.0141
Test_575,0.8897,0.1096,1e-04,0.0006
Test_576,0.0003,0.105,0.0,0.8946
Test_577,0.0,0.0514,0.0,0.9486
Test_578,0.0003,0.9698,0.0016,0.0282
Test_579,0.2194,0.7452,0.001,0.0345
Test_580,0.0,0.0,1.0,0.0
Test_581,0.6869,0.2768,1e-04,0.0362
Test_582,1e-04,0.784,0.0008,0.2152
Test_583,0.9967,0.0032,0.0002,0.0
Test_584,0.1564,0.195,0.6415,0.0071
Test_585,0.0,0.0,1.0,0.0
Test_586,0.8625,0.1201,0.0015,0.0159
Test_587,0.0,0.0019,0.9975,0.0005
Test_588,0.0025,0.2363,0.7511,0.0101
Test_589,0.0008,0.6884,0.0025,0.3083
Test_590,0.0,0.0,1.0,0.0
Test_591,0.0,0.0,1.0,0.0
Test_592,0.5563,0.4179,0.0065,0.0193
Test_593,0.0,0.0,1.0,0.0
Test_594,0.0,0.0,1.0,0.0
Test_595,0.0008,0.9654,0.0002,0.0337
Test_596,0.558,0.4246,0.0005,0.0169
Test_597,0.0003,0.2633,0.0,0.7363
Test_598,0.019,0.7543,0.2061,0.0206
Test_599,0.0068,0.8947,0.0002,0.0983
Test_600,0.0,0.0,1.0,0.0
Test_601,0.0,0.2826,0.0,0.7173
Test_602,0.0,0.2177,0.0,0.7822
Test_603,0.003,0.4046,0.0002,0.5921
Test_604,0.0,0.0002,0.9998,0.0
Test_605,0.9821,0.0158,0.0,0.0021
Test_606,0.0018,0.9408,0.0,0.0574
Test_607,0.0303,0.8958,0.0125,0.0614
Test_608,0.0,0.3051,0.0,0.6949
Test_609,0.846,0.0838,0.0007,0.0695
Test_610,0.0002,0.3474,0.0,0.6525
Test_611,0.1737,0.8178,0.001,0.0075
Test_612,0.0,0.0,1.0,0.0
Test_613,0.9904,0.0094,1e-04,1e-04
Test_614,0.0,0.0,1.0,0.0
Test_615,0.0,0.0,1.0,0.0
Test_616,0.0197,0.8434,0.0025,0.1344
Test_617,0.0091,0.7439,0.0005,0.2465
Test_618,0.0009,0.5462,0.0002,0.4527
Test_619,0.0003,0.9106,0.0025,0.0865
Test_620,0.0,0.0012,0.9988,0.0
Test_621,0.0002,0.2936,0.0002,0.706
Test_622,0.0,0.0,1.0,0.0
Test_623,1e-04,0.145,1e-04,0.8548
Test_624,0.0,0.0,1.0,0.0
Test_625,0.0131,0.7686,0.0008,0.2174
Test_626,0.0,0.0,1.0,0.0
Test_627,0.0661,0.8937,0.0015,0.0387
Test_628,0.0245,0.8531,0.0029,0.1195
Test_629,0.884,0.1129,0.0002,0.0029
Test_630,0.9989,0.0011,0.0,0.0
Test_631,0.1327,0.5837,0.0005,0.2831
Test_632,0.6978,0.209,0.0006,0.0926
Test_633,0.0005,0.0034,0.9953,0.0008
Test_634,0.0003,0.1128,0.0,0.887
Test_635,0.0079,0.9549,0.0003,0.0369
Test_636,1e-04,0.0486,0.0,0.9513
Test_637,0.0,0.0,1.0,0.0
Test_638,0.0162,0.7054,1e-04,0.2784
Test_639,0.0,0.0,1.0,0.0
Test_640,0.0008,0.037,0.0,0.9622
Test_641,0.0005,0.0928,0.905,0.0016
Test_642,0.0,0.1091,0.0,0.8908
Test_643,0.4528,0.5236,0.0016,0.0219
Test_644,0.0004,0.2522,0.0,0.7474
Test_645,0.0416,0.7793,1e-04,0.1789
Test_646,0.0,0.0,1.0,0.0
Test_647,0.0033,0.8642,0.0033,0.1292
Test_648,0.7274,0.2419,0.0007,0.03
Test_649,0.0002,0.0289,0.9674,0.0035
Test_650,0.0,0.0,1.0,0.0
Test_651,0.0,0.0289,0.0,0.9711
Test_652,0.135,0.5583,0.2417,0.0651
Test_653,0.3513,0.6257,0.0021,0.0209
Test_654,0.0022,0.7543,0.0344,0.2091
Test_655,0.0003,0.4556,1e-04,0.5441
Test_656,0.0013,0.2066,0.0002,0.792
Test_657,0.0,0.0,1.0,0.0
Test_658,0.96,0.035,0.0005,0.0045
Test_659,1e-04,0.1658,0.0,0.8341
Test_660,0.0,0.0,1.0,0.0
Test_661,0.0004,0.0562,0.0,0.9435
Test_662,1e-04,0.0966,0.0,0.9032
Test_663,0.0,0.0004,0.9996,0.0
Test_664,0.0,0.0005,0.9995,0.0
Test_665,0.0002,0.2867,1e-04,0.7131
Test_666,0.0004,0.0297,0.9679,0.0019
Test_667,0.3766,0.5412,0.0022,0.08
Test_668,0.0,0.0003,0.9997,0.0
Test_669,0.0,0.0,1.0,0.0
Test_670,0.0076,0.7496,0.2085,0.0342
Test_671,0.0,1e-04,0.9999,0.0
Test_672,0.5723,0.0999,0.0005,0.3273
Test_673,0.0,0.0,1.0,0.0
Test_674,0.0,0.0,1.0,0.0
Test_675,0.6068,0.3728,0.0009,0.0195
Test_676,0.995,0.0047,0.0,0.0003
Test_677,0.0115,0.3832,0.0003,0.605
Test_678,0.0031,0.8981,0.0021,0.0967
Test_679,0.0,0.0,1.0,0.0
Test_680,1e-04,0.1408,0.0,0.8591
Test_681,0.0061,0.8875,0.0015,0.105
Test_682,0.9181,0.0341,0.0005,0.0473
Test_683,0.0,0.0897,0.0,0.9103
Test_684,0.0002,0.028,0.0,0.9718
Test_685,0.5799,0.3736,0.001,0.0455
Test_686,0.0,0.1015,0.0,0.8984
Test_687,0.8607,0.1255,1e-04,0.0137
Test_688,1e-04,0.0617,1e-04,0.9382
Test_689,0.0071,0.6982,0.0045,0.2902
Test_690,0.0084,0.6258,1e-04,0.3656
Test_691,0.5201,0.4745,0.0006,0.0048
Test_692,0.0,0.0,1.0,0.0
Test_693,0.4908,0.4827,0.0004,0.0261
Test_694,0.0215,0.6459,0.0036,0.329
Test_695,0.477,0.3211,0.0003,0.2017
Test_696,0.0,0.0003,0.9997,0.0
Test_697,0.0,0.0,1.0,0.0
Test_698,0.0508,0.9224,0.0018,0.025
Test_699,0.0002,0.2251,0.0,0.7747
Test_700,1e-04,0.1359,0.6923,0.1716
Test_701,0.0009,0.7502,0.0004,0.2485
Test_702,0.9493,0.0417,0.0002,0.0088
Test_703,0.0,0.0,1.0,0.0
Test_704,0.0,1e-04,0.9999,0.0
Test_705,0.0,0.0,1.0,0.0
Test_706,0.9742,0.0222,0.0002,0.0034
Test_707,0.0021,0.223,0.0,0.775
Test_708,0.0148,0.7798,0.0022,0.2032
Test_709,0.0,0.0,1.0,0.0
Test_710,0.0,0.0006,0.9994,0.0
Test_711,0.5371,0.4348,0.0071,0.021
Test_712,0.0013,0.403,0.0,0.5956
Test_713,1e-04,0.5196,1e-04,0.4802
Test_714,0.0023,0.5552,0.3807,0.0618
Test_715,0.0011,0.0007,0.9981,0.0
Test_716,0.0006,0.3759,0.0,0.6235
Test_717,0.0048,0.8914,0.0441,0.0597
Test_718,0.9544,0.0435,0.0002,0.002
Test_719,0.0003,0.1061,0.892,0.0016
Test_720,0.9491,0.0504,1e-04,0.0004
Test_721,0.0,0.0009,0.999,0.0
Test_722,0.0,0.0,1.0,0.0
Test_723,0.9859,0.0086,0.0003,0.0052
Test_724,0.0002,0.1343,0.0012,0.8643
Test_725,0.0004,0.9946,0.0007,0.0043
Test_726,1e-04,0.1781,0.0,0.8218
Test_727,0.0041,0.6174,0.1731,0.2055
Test_728,0.0,0.0,1.0,0.0
Test_729,0.0,1e-04,0.9999,0.0
Test_730,0.0008,0.8118,0.1583,0.0291
Test_731,0.0,0.0,1.0,0.0
Test_732,0.0,0.001,0.999,0.0
Test_733,0.0,0.0007,0.9992,0.0
Test_734,0.3462,0.6051,0.0025,0.0462
Test_735,0.9082,0.0885,1e-04,0.0031
Test_736,0.2146,0.6404,0.0481,0.0969
Test_737,0.0007,0.059,0.0,0.9403
Test_738,0.8873,0.0454,0.0005,0.0669
Test_739,0.0,0.0,1.0,0.0
Test_740,0.0002,0.0112,0.0,0.9886
Test_741,0.002,0.1843,1e-04,0.8136
Test_742,0.0004,0.5691,0.0,0.4304
Test_743,0.0,0.0,1.0,0.0
Test_744,0.0023,0.7361,0.0016,0.26
Test_745,0.0178,0.9677,0.0011,0.0134
Test_746,0.0,0.0,1.0,0.0
Test_747,0.3985,0.3751,0.1758,0.0507
Test_748,0.0083,0.6225,0.0018,0.3674
Test_749,0.0018,0.0257,0.0,0.9724
Test_750,0.0192,0.3011,0.0092,0.6705
Test_751,0.0,0.0,1.0,0.0
Test_752,0.0289,0.4887,0.0168,0.4655
Test_753,0.0,0.0,1.0,0.0
Test_754,0.0134,0.3364,0.0988,0.5514
Test_755,0.409,0.477,0.0067,0.1072
Test_756,0.9946,0.0045,0.0003,0.0006
Test_757,0.0017,0.4735,0.0011,0.5237
Test_758,0.4801,0.4903,0.0033,0.0262
Test_759,0.0054,0.7011,0.2566,0.0368
Test_760,0.068,0.8773,0.0012,0.0536
Test_761,0.0,0.6977,0.0,0.3022
Test_762,0.0,0.0,1.0,0.0
Test_763,1e-04,0.0049,0.9947,0.0002
Test_764,0.9724,0.024,1e-04,0.0035
Test_765,0.0093,0.9574,0.0002,0.0331
Test_766,0.0,0.0298,0.0,0.9702
Test_767,0.6588,0.2689,0.0004,0.0718
Test_768,0.0013,0.7501,1e-04,0.2486
Test_769,0.0,0.009,0.9907,0.0002
Test_770,0.0067,0.8585,0.0004,0.1344
Test_771,0.0,0.0,1.0,0.0
Test_772,0.0004,0.3418,0.0,0.6578
Test_773,0.0,0.0,1.0,0.0
Test_774,0.0,0.0918,0.0,0.9082
Test_775,0.0,0.0019,0.9981,0.0
Test_776,0.8313,0.16,0.001,0.0077
Test_777,0.1285,0.8459,0.0003,0.0253
Test_778,0.6059,0.3551,0.0271,0.0119
Test_779,0.0,0.1544,0.0,0.8455
Test_780,0.8842,0.1145,0.0006,0.0007
Test_781,0.7233,0.2653,0.0003,0.011
Test_782,0.0016,0.615,0.1124,0.271
Test_783,0.0,0.0,1.0,0.0
Test_784,0.0,0.0,1.0,0.0
Test_785,0.6679,0.3237,0.0005,0.008
Test_786,0.0004,0.3765,0.613,0.0101
Test_787,1e-04,0.0428,0.9565,0.0007
Test_788,0.2502,0.6929,0.0006,0.0563
Test_789,0.0,0.0003,0.9997,1e-04
Test_790,0.0059,0.9197,1e-04,0.0742
Test_791,0.001,0.2633,0.0002,0.7354
Test_792,0.0,0.0,1.0,0.0
Test_793,0.0,0.0,1.0,0.0
Test_794,1e-04,0.2746,1e-04,0.7252
Test_795,0.0007,0.871,0.0,0.1284
Test_796,0.0,0.0,1.0,0.0
Test_797,0.0693,0.9244,1e-04,0.0063
Test_798,0.0,0.0,1.0,0.0
Test_799,0.0,0.0,1.0,0.0
Test_800,0.0,0.0002,0.9998,0.0
Test_801,0.0,0.0021,0.9978,1e-04
Test_802,0.0002,0.1672,0.8,0.0326
Test_803,0.0121,0.8762,0.0012,0.1105
Test_804,0.0,0.0,1.0,0.0
Test_805,0.0,0.0,1.0,0.0
Test_806,0.0322,0.7857,0.0004,0.1817
Test_807,0.0009,0.9856,0.0124,0.0012
Test_808,0.436,0.5395,0.0012,0.0233
Test_809,0.5137,0.4383,0.0003,0.0477
Test_810,0.0,0.0,1.0,0.0
Test_811,0.8996,0.0943,1e-04,0.006
Test_812,0.0,0.0,1.0,0.0
Test_813,0.3482,0.3354,0.0012,0.3153
Test_814,0.0027,0.7276,0.0011,0.2687
Test_815,0.0,0.3496,0.0,0.6503
Test_816,0.0,0.0162,0.0,0.9838
Test_817,0.0,0.0,1.0,0.0
Test_818,0.0037,0.8436,0.0002,0.1525
Test_819,0.1039,0.3127,0.5798,0.0036
Test_820,0.5386,0.4165,0.0015,0.0435
Test_821,0.0002,0.1028,0.0,0.8971
Test_822,0.0065,0.9813,1e-04,0.0121
Test_823,0.3488,0.565,0.0008,0.0853
Test_824,0.615,0.3713,0.0002,0.0135
Test_825,0.0,0.0,1.0,0.0
Test_826,0.0,0.0003,0.9997,0.0
Test_827,0.0025,0.1797,0.0068,0.8111
Test_828,0.0,1e-04,0.9999,0.0
Test_829,0.0,0.3712,0.0,0.6288
Test_830,0.0005,0.0029,0.9965,0.0
Test_831,0.0,0.0,0.9999,0.0
Test_832,0.9778,0.0215,0.0002,0.0005
Test_833,1e-04,0.0016,0.9974,0.0009
Test_834,0.0,0.0902,0.9093,0.0004
Test_835,0.0,0.0,1.0,0.0
Test_836,0.7882,0.2082,0.0014,0.0022
Test_837,0.0082,0.7845,0.009,0.1984
Test_838,0.0002,0.2265,0.0,0.7733
Test_839,0.0,0.0,1.0,0.0
Test_840,0.0,0.0,1.0,0.0
Test_841,0.0,0.0379,0.0,0.9621
Test_842,0.0861,0.8772,0.0083,0.0284
Test_843,0.0,0.0,1.0,0.0
Test_844,0.0009,0.6903,0.0009,0.3079
Test_845,0.001,0.016,0.9826,0.0004
Test_846,0.0072,0.3188,0.0002,0.6738
Test_847,0.0006,0.3422,0.6388,0.0184
Test_848,1e-04,0.0042,0.9955,0.0002
Test_849,0.0122,0.9374,0.002,0.0484
Test_850,0.0,0.0,1.0,0.0
Test_851,1e-04,0.1704,0.0,0.8295
Test_852,0.0,0.0,1.0,0.0
Test_853,0.0003,0.0011,0.9981,0.0005
Test_854,0.0262,0.7522,0.0029,0.2187
Test_855,0.0,0.1802,0.0,0.8198
Test_856,0.2807,0.6346,0.002,0.0827
Test_857,0.0002,0.0431,0.9565,1e-04
Test_858,0.0,0.0,1.0,0.0
Test_859,0.0,0.1059,0.0,0.8941
Test_860,0.9974,0.0025,0.0,0.0
Test_861,0.0,0.0,1.0,0.0
Test_862,0.0002,0.0014,0.9983,0.0
Test_863,0.0022,0.5327,1e-04,0.4651
Test_864,0.0,0.0023,0.9976,0.0
Test_865,0.0,0.0,1.0,0.0
Test_866,0.0,0.0002,0.9998,0.0
Test_867,0.0055,0.6078,0.3127,0.074
Test_868,1e-04,0.0003,0.9997,0.0
Test_869,0.0006,0.4101,0.0,0.5892
Test_870,0.0189,0.2503,0.0094,0.7214
Test_871,0.002,0.2028,0.0,0.7952
Test_872,0.039,0.7778,1e-04,0.1831
Test_873,0.0521,0.2736,1e-04,0.6742
Test_874,0.0027,0.8433,0.0005,0.1534
Test_875,0.0013,0.4213,1e-04,0.5773
Test_876,0.0003,0.3283,0.0,0.6714
Test_877,0.9927,0.0072,0.0,1e-04
Test_878,0.9265,0.0682,0.0002,0.0052
Test_879,0.0008,0.923,0.074,0.0022
Test_880,0.0,0.0,1.0,0.0
Test_881,0.0,0.0,1.0,0.0
Test_882,0.0,0.0004,0.9995,0.0
Test_883,0.0093,0.5102,0.0004,0.4801
Test_884,0.0114,0.6387,0.0009,0.349
Test_885,0.0196,0.8364,0.009,0.135
Test_886,0.0136,0.1243,0.0005,0.8616
Test_887,0.0297,0.9241,0.0066,0.0396
Test_888,0.015,0.0242,0.9589,0.0019
Test_889,0.0,0.0,1.0,0.0
Test_890,0.0002,0.0005,0.9993,0.0
Test_891,1e-04,0.044,0.0,0.9559
Test_892,0.0,0.0008,0.9992,0.0
Test_893,0.0084,0.9345,0.0397,0.0173
Test_894,0.0,0.2765,0.0,0.7235
Test_895,0.104,0.8933,1e-04,0.0026
Test_896,0.004,0.6294,0.001,0.3656
Test_897,0.0036,0.9164,0.0064,0.0737
Test_898,0.0006,0.4087,0.0,0.5907
Test_899,0.0,0.0002,0.9998,0.0
Test_900,0.0,0.1023,0.0,0.8977
Test_901,0.0,0.0005,0.9995,0.0
Test_902,0.9991,0.0008,0.0,0.0
Test_903,0.0,0.0,1.0,0.0
Test_904,0.7213,0.2624,0.0027,0.0136
Test_905,0.0,0.0,1.0,0.0
Test_906,0.0006,0.9026,0.0051,0.0917
Test_907,0.0076,0.2505,0.0015,0.7403
Test_908,0.0,0.5683,0.0,0.4317
Test_909,0.1089,0.6044,0.0007,0.286
Test_910,0.0,0.0,1.0,0.0
Test_911,0.0018,0.2753,0.0,0.7229
Test_912,0.0,0.0004,0.9995,0.0
Test_913,0.0,0.0,1.0,0.0
Test_914,0.0,0.2311,0.0,0.7689
Test_915,0.0062,0.6976,0.268,0.0281
Test_916,0.0018,0.7379,0.0003,0.2601
Test_917,0.0,0.0,1.0,0.0
Test_918,0.0,0.0,1.0,0.0
Test_919,0.3935,0.4668,0.0004,0.1393
Test_920,0.0,0.0,1.0,0.0
Test_921,0.0002,0.0512,0.0,0.9486
Test_922,0.8896,0.1048,0.0002,0.0053
Test_923,0.2014,0.1877,0.5472,0.0637
Test_924,0.0004,0.8442,1e-04,0.1553
Test_925,0.9679,0.0318,0.0,0.0003
Test_926,0.0,0.0,1.0,0.0
Test_927,0.3701,0.6041,0.0015,0.0243
Test_928,0.0,0.0,1.0,0.0
Test_929,0.0,0.0344,0.0,0.9655
Test_930,0.2109,0.7403,0.0015,0.0472
Test_931,0.3368,0.5994,0.003,0.0608
Test_932,0.0087,0.2185,0.7719,0.0009
Test_933,0.9639,0.0189,0.0004,0.0168
Test_934,0.0,0.0003,0.9997,0.0
Test_935,0.0,0.0,1.0,0.0
Test_936,0.0056,0.3615,1e-04,0.6328
Test_937,0.0565,0.4359,0.4976,0.01
Test_938,0.0043,0.8821,0.0017,0.1119
Test_939,0.767,0.2275,0.0017,0.0038
Test_940,0.0002,0.3032,0.0,0.6965
Test_941,0.0031,0.3847,0.0004,0.6118
Test_942,0.0077,0.6861,0.0005,0.3057
Test_943,0.0,0.0,1.0,0.0
Test_944,0.0003,0.0565,0.9284,0.0147
Test_945,0.9266,0.0556,1e-04,0.0178
Test_946,0.0,0.0,1.0,0.0
Test_947,1e-04,0.1123,0.0,0.8875
Test_948,0.0436,0.776,0.0005,0.1798
Test_949,0.0246,0.8266,0.0005,0.1483
Test_950,0.0004,0.6311,0.0,0.3685
Test_951,0.0,0.0,1.0,0.0
Test_952,0.0,0.0388,0.0,0.9612
Test_953,0.0009,0.2278,1e-04,0.7713
Test_954,0.15,0.6453,0.0018,0.203
Test_955,0.8798,0.1164,0.0002,0.0037
Test_956,0.0006,0.433,0.0003,0.5661
Test_957,0.0046,0.6258,0.0008,0.3688
Test_958,0.0,0.0189,0.0,0.9811
Test_959,0.0,0.0,1.0,0.0
Test_960,0.0,0.0,0.9999,0.0
Test_961,0.0005,0.9855,0.0002,0.0139
Test_962,0.0052,0.5879,0.114,0.2929
Test_963,0.0115,0.3852,0.0005,0.6028
Test_964,0.0,0.0,1.0,0.0
Test_965,0.9599,0.0385,1e-04,0.0015
Test_966,0.0,0.9214,0.0097,0.0689
Test_967,0.0,0.0,1.0,0.0
Test_968,0.0,0.0,1.0,0.0
Test_969,0.0,0.0,1.0,0.0
Test_970,0.766,0.2272,0.0002,0.0067
Test_971,0.0268,0.9285,0.0002,0.0445
Test_972,0.0,0.0,1.0,0.0
Test_973,0.0,0.0,1.0,0.0
Test_974,0.001,0.9284,0.0005,0.0702
Test_975,0.0051,0.4876,0.0004,0.5069
Test_976,0.0,0.0003,0.9997,0.0
Test_977,0.0002,0.5926,0.0,0.4071
Test_978,0.0,0.0012,0.9987,1e-04
Test_979,0.3881,0.5859,0.0009,0.0251
Test_980,0.0009,0.817,0.0032,0.1789
Test_981,0.0037,0.768,0.0007,0.2276
Test_982,0.9937,0.0032,1e-04,0.003
Test_983,0.0,0.0,1.0,0.0
Test_984,0.0,0.4889,0.0,0.5111
Test_985,0.0007,0.4655,0.2342,0.2995
Test_986,0.0119,0.2538,0.0005,0.7338
Test_987,0.0,1e-04,0.9999,0.0
Test_988,0.2091,0.7551,0.0005,0.0353
Test_989,0.4228,0.5711,0.0003,0.0059
Test_990,0.0045,0.9274,0.0145,0.0535
Test_991,0.001,0.2585,0.7311,0.0095
Test_992,0.0026,0.9586,1e-04,0.0387
Test_993,0.0023,0.8642,1e-04,0.1334
Test_994,0.0206,0.6574,0.0013,0.3207
Test_995,0.0027,0.6421,0.2656,0.0896
Test_996,0.0,0.0003,0.9997,0.0
Test_997,0.001,0.6218,0.0004,0.3768
Test_998,0.0,0.0,1.0,0.0
Test_999,0.0,0.0,1.0,0.0
Test_1000,0.0004,0.2253,0.7527,0.0217
Test_1001,0.0056,0.6807,0.0016,0.3121
Test_1002,0.0,0.0,1.0,0.0
Test_1003,0.0,0.365,0.0,0.6349
Test_1004,0.4709,0.4122,0.0075,0.1095
Test_1005,0.6674,0.3115,0.0034,0.0177
Test_1006,0.0,1e-04,0.9998,0.0
Test_1007,0.0009,0.9928,0.0022,0.0041
Test_1008,0.2366,0.6426,0.0032,0.1176
Test_1009,0.0002,0.1537,0.0005,0.8456
Test_1010,0.0,0.0056,0.9941,0.0002
Test_1011,0.0,0.0,1.0,0.0
Test_1012,0.007,0.5747,0.0014,0.417
Test_1013,0.0,0.0,1.0,0.0
Test_1014,0.0,0.0,1.0,0.0
Test_1015,0.481,0.5009,0.0029,0.0153
Test_1016,0.0062,0.7729,0.1948,0.0261
Test_1017,0.0,0.0,1.0,0.0
Test_1018,1e-04,0.9823,0.0,0.0176
Test_1019,0.0,0.0,1.0,0.0
Test_1020,0.0,0.001,0.999,0.0
Test_1021,0.0046,0.9652,0.0014,0.0287
Test_1022,0.0057,0.1107,0.8707,0.0129
Test_1023,0.3848,0.5541,0.0003,0.0607
Test_1024,0.7103,0.0759,0.0029,0.2109
Test_1025,0.0018,0.4838,1e-04,0.5142
Test_1026,0.132,0.6475,0.0019,0.2186
Test_1027,0.0,0.0496,0.0,0.9503
Test_1028,0.0458,0.8619,0.0018,0.0904
Test_1029,0.7192,0.2659,0.0017,0.0132
Test_1030,0.0127,0.8989,0.0009,0.0876
Test_1031,1e-04,0.0395,0.0,0.9604
Test_1032,1e-04,0.4706,0.0,0.5293
Test_1033,0.0,0.0,1.0,0.0
Test_1034,0.0,0.0,1.0,0.0
Test_1035,0.0,1e-04,0.9999,0.0
Test_1036,0.4964,0.4115,0.0015,0.0906
Test_1037,0.0142,0.0582,0.9019,0.0257
Test_1038,0.0011,0.2421,0.0,0.7568
Test_1039,0.0341,0.8282,0.003,0.1346
Test_1040,0.0383,0.9248,0.0108,0.0261
Test_1041,0.0,0.0,1.0,0.0
Test_1042,0.0022,0.0012,0.9966,1e-04
Test_1043,0.0,0.0,1.0,0.0
Test_1044,1e-04,0.755,0.0,0.2449
Test_1045,0.0,0.0,1.0,0.0
Test_1046,0.14,0.446,0.0012,0.4128
Test_1047,0.155,0.6861,0.0002,0.1586
Test_1048,0.0,0.0716,0.0,0.9284
Test_1049,0.0006,0.9799,0.0006,0.0189
Test_1050,0.0,0.0,1.0,0.0
Test_1051,0.0017,0.6624,0.0008,0.3351
Test_1052,1e-04,0.1288,0.0,0.8711
Test_1053,0.0,0.0,1.0,0.0
Test_1054,0.9945,0.0052,0.0,0.0003
Test_1055,0.0,0.0589,0.0,0.9411
Test_1056,0.0,0.0,1.0,0.0
Test_1057,0.0025,0.8985,1e-04,0.099
Test_1058,0.579,0.3884,0.0006,0.032
Test_1059,0.0212,0.9399,0.0041,0.0348
Test_1060,0.0011,0.5001,0.0,0.4988
Test_1061,0.1991,0.1668,1e-04,0.6339
Test_1062,0.1271,0.7034,0.0002,0.1693
Test_1063,0.0,0.0,1.0,0.0
Test_1064,1e-04,0.2075,0.0,0.7924
Test_1065,0.0088,0.6911,0.0027,0.2974
Test_1066,0.0287,0.4043,0.0011,0.5659
Test_1067,0.0512,0.5194,0.0095,0.4199
Test_1068,0.0004,0.4379,0.0,0.5617
Test_1069,0.0008,0.7504,0.0495,0.1993
Test_1070,0.1116,0.6506,0.0018,0.236
Test_1071,0.0,0.0004,0.9995,0.0
Test_1072,1e-04,0.3725,0.0,0.6275
Test_1073,0.0,0.7929,0.0,0.207
Test_1074,0.0,0.0,1.0,0.0
Test_1075,0.0,0.0,1.0,0.0
Test_1076,0.0305,0.4422,0.0002,0.5272
Test_1077,0.9115,0.0568,0.0013,0.0304
Test_1078,0.0,0.0,1.0,0.0
Test_1079,0.0,0.0,1.0,0.0
Test_1080,0.1396,0.5343,0.0049,0.3213
Test_1081,0.0,0.0,1.0,0.0
Test_1082,0.005,0.2333,0.0,0.7617
Test_1083,0.9817,0.0097,0.0,0.0085
Test_1084,0.0,0.0007,0.9993,0.0
Test_1085,0.0004,0.5928,0.0,0.4067
Test_1086,0.0,0.0,1.0,0.0
Test_1087,0.0012,0.4972,0.0043,0.4973
Test_1088,0.0,0.0,1.0,0.0
Test_1089,0.0,0.0014,0.0,0.9986
Test_1090,0.0013,0.8852,1e-04,0.1133
Test_1091,0.0391,0.9557,0.0005,0.0048
Test_1092,0.3748,0.4646,0.0002,0.1604
Test_1093,1e-04,0.6693,0.0,0.3306
Test_1094,0.142,0.6463,0.0002,0.2116
Test_1095,0.0,0.2402,0.0,0.7598
Test_1096,0.0002,0.337,0.0,0.6628
Test_1097,0.9046,0.0934,0.0003,0.0017
Test_1098,0.0532,0.9372,0.002,0.0076
Test_1099,0.017,0.8623,0.0004,0.1203
Test_1100,1e-04,0.0064,0.9928,0.0008
Test_1101,0.1273,0.3468,0.0075,0.5185
Test_1102,0.0,0.0,1.0,0.0
Test_1103,0.0158,0.892,0.028,0.0642
Test_1104,0.0059,0.9611,0.0062,0.0268
Test_1105,0.0829,0.8673,0.0108,0.0389
Test_1106,0.3112,0.6153,0.0013,0.0722
Test_1107,0.0,0.0,1.0,0.0
Test_1108,0.6457,0.3035,0.0014,0.0494
Test_1109,0.869,0.0923,0.0077,0.0311
Test_1110,0.0,0.0,1.0,0.0
Test_1111,0.0,0.0,1.0,0.0
Test_1112,0.9603,0.0392,0.0,0.0005
Test_1113,0.0014,0.7779,0.1708,0.0499
Test_1114,0.0,0.0,1.0,0.0
Test_1115,0.0,0.0,1.0,0.0
Test_1116,0.0,0.0,1.0,0.0
Test_1117,0.3368,0.5412,0.001,0.121
Test_1118,0.0,0.0,1.0,0.0
Test_1119,0.0,0.2292,0.0,0.7708
Test_1120,0.0,0.0,1.0,0.0
Test_1121,0.0,0.0,1.0,0.0
Test_1122,0.0263,0.4767,0.0047,0.4924
Test_1123,0.9211,0.0726,0.0002,0.0061
Test_1124,0.0,0.0,1.0,0.0
Test_1125,0.0609,0.7504,0.0047,0.1841
Test_1126,0.9316,0.0665,1e-04,0.0019
Test_1127,0.0023,0.2319,0.0,0.7658
Test_1128,0.0,0.0009,0.9991,0.0
Test_1129,0.0,0.0,1.0,0.0
Test_1130,0.0,0.977,0.0,0.0229
Test_1131,0.4497,0.542,0.0009,0.0074
Test_1132,0.0222,0.6414,0.0004,0.3361
Test_1133,0.0063,0.9352,0.0011,0.0575
Test_1134,0.0,0.0002,0.9997,0.0
Test_1135,0.1685,0.7792,0.0178,0.0345
Test_1136,1e-04,0.2898,0.0,0.7101
Test_1137,0.0079,0.3687,1e-04,0.6233
Test_1138,0.0081,0.6885,1e-04,0.3033
Test_1139,0.0007,0.9462,0.0012,0.0518
Test_1140,1e-04,0.2214,0.0,0.7785
Test_1141,0.0019,0.6453,0.0003,0.3525
Test_1142,0.0,0.0,1.0,0.0
Test_1143,0.0004,0.0238,0.974,0.0018
Test_1144,0.0,0.0,1.0,0.0
Test_1145,0.0522,0.6722,0.0024,0.2732
Test_1146,0.0,0.0,1.0,0.0
Test_1147,1e-04,0.0385,0.0,0.9614
Test_1148,0.0,0.0037,0.9905,0.0058
Test_1149,0.0039,0.2226,0.7605,0.013
Test_1150,0.0425,0.761,0.0003,0.1963
Test_1151,0.0021,0.0419,0.0019,0.9541
Test_1152,0.9644,0.0353,0.0,0.0002
Test_1153,0.0111,0.8345,0.0089,0.1455
Test_1154,0.0,0.0011,0.9988,0.0
Test_1155,0.0,0.0004,0.9996,0.0
Test_1156,0.0005,0.4526,0.0,0.5469
Test_1157,0.0,0.1124,0.0,0.8875
Test_1158,0.0013,0.8518,0.0183,0.1287
Test_1159,0.0,0.0,1.0,0.0
Test_1160,0.3368,0.6551,0.0005,0.0076
Test_1161,0.0,0.0,1.0,0.0
Test_1162,1e-04,0.3056,0.0,0.6943
Test_1163,0.0213,0.7263,0.0003,0.2521
Test_1164,0.0,1e-04,0.9999,0.0
Test_1165,0.0,0.0,1.0,0.0
Test_1166,0.0014,0.7111,0.0028,0.2848
Test_1167,0.0,0.0,1.0,0.0
Test_1168,0.0,0.0,1.0,0.0
Test_1169,0.0004,0.5733,0.0,0.4263
Test_1170,0.0168,0.692,0.0076,0.2836
Test_1171,0.0125,0.9372,0.0006,0.0496
Test_1172,0.712,0.2778,0.0,0.0101
Test_1173,1e-04,0.5394,0.0,0.4606
Test_1174,1e-04,0.2798,0.0002,0.7199
Test_1175,0.0,0.0,1.0,0.0
Test_1176,0.0,0.0616,0.0,0.9384
Test_1177,0.9973,0.0026,1e-04,1e-04
Test_1178,0.9379,0.0602,1e-04,0.0017
Test_1179,0.0,0.0,1.0,0.0
Test_1180,0.5058,0.365,0.01,0.1191
Test_1181,0.0,1e-04,0.9999,0.0
Test_1182,0.0018,0.9626,0.0023,0.0333
Test_1183,0.0002,0.4539,0.0,0.5459
Test_1184,0.0,0.0003,0.9996,0.0
Test_1185,0.0,0.0,1.0,0.0
Test_1186,0.0,0.0,1.0,0.0
Test_1187,0.0,0.0897,0.0,0.9103
Test_1188,0.0355,0.7832,0.0003,0.181
Test_1189,0.002,0.964,0.0004,0.0336
Test_1190,0.0,0.0,1.0,0.0
Test_1191,0.0019,0.799,1e-04,0.199
Test_1192,1e-04,1e-04,0.9999,0.0
Test_1193,0.0013,0.2682,0.5528,0.1778
Test_1194,0.5,0.4738,0.0003,0.0258
Test_1195,0.8447,0.1243,0.0002,0.0308
Test_1196,0.0,0.0976,0.0,0.9024
Test_1197,0.001,0.2075,0.0,0.7915
Test_1198,0.0,0.0,1.0,0.0
Test_1199,0.0,0.0,1.0,0.0
Test_1200,0.0,0.0092,0.9904,0.0003
Test_1201,0.002,0.3557,1e-04,0.6422
Test_1202,0.0068,0.8626,1e-04,0.1305
Test_1203,0.339,0.3997,0.0006,0.2607
Test_1204,0.0,0.0424,0.9574,0.0002
Test_1205,0.0,0.0,1.0,0.0
Test_1206,0.0,0.0135,0.9864,1e-04
Test_1207,0.0015,0.6895,0.0005,0.3084
Test_1208,0.0,0.0294,0.0,0.9706
Test_1209,0.0,1e-04,0.9998,0.0
Test_1210,0.0005,0.1222,1e-04,0.8772
Test_1211,0.0,0.1027,0.0,0.8973
Test_1212,0.0141,0.566,0.0019,0.418
Test_1213,0.0002,0.2539,0.0,0.7459
Test_1214,0.0002,0.3308,0.0,0.669
Test_1215,0.0008,0.4191,0.0,0.5801
